{
 "cells": [
  {
   "cell_type": "markdown",
   "metadata": {},
   "source": [
    "# Modelling"
   ]
  },
  {
   "cell_type": "code",
   "execution_count": 1,
   "metadata": {},
   "outputs": [],
   "source": [
    "import numpy as np\n",
    "import pandas as pd\n",
    "import matplotlib.pyplot as plt\n",
    "%matplotlib inline\n",
    "\n",
    "# preprocessing\n",
    "from sklearn.preprocessing import LabelEncoder, StandardScaler\n",
    "from sklearn.model_selection import train_test_split, cross_val_score, GridSearchCV, StratifiedKFold\n",
    "#import pandas_profiling as pp\n",
    "\n",
    "# models\n",
    "from sklearn.linear_model import LinearRegression, SGDRegressor, RidgeCV\n",
    "from sklearn.svm import SVR, LinearSVR\n",
    "from sklearn.ensemble import RandomForestRegressor, GradientBoostingRegressor, ExtraTreesRegressor \n",
    "from sklearn.ensemble import BaggingRegressor, AdaBoostRegressor\n",
    "from sklearn.neural_network import MLPRegressor\n",
    "from sklearn.tree import DecisionTreeRegressor\n",
    "import sklearn.model_selection\n",
    "from sklearn.model_selection import cross_val_predict as cvp\n",
    "from sklearn import metrics\n",
    "from sklearn.metrics import r2_score, mean_absolute_error, mean_squared_error\n",
    "#import xgboost as xgb\n",
    "#import lightgbm as lgb\n",
    "\n",
    "# model tuning\n",
    "from hyperopt import STATUS_OK, Trials, fmin, hp, tpe, space_eval\n",
    "\n",
    "import warnings\n",
    "warnings.filterwarnings(\"ignore\")"
   ]
  },
  {
   "cell_type": "code",
   "execution_count": 2,
   "metadata": {},
   "outputs": [
    {
     "name": "stdout",
     "output_type": "stream",
     "text": [
      "Requirement already satisfied: hyperopt in c:\\users\\sukes\\anaconda3\\lib\\site-packages (0.2.3)\n",
      "Requirement already satisfied: networkx==2.2 in c:\\users\\sukes\\anaconda3\\lib\\site-packages (from hyperopt) (2.2)\n",
      "Requirement already satisfied: six in c:\\users\\sukes\\anaconda3\\lib\\site-packages (from hyperopt) (1.12.0)\n",
      "Requirement already satisfied: future in c:\\users\\sukes\\anaconda3\\lib\\site-packages (from hyperopt) (0.18.2)\n",
      "Requirement already satisfied: tqdm in c:\\users\\sukes\\anaconda3\\lib\\site-packages (from hyperopt) (4.31.1)\n",
      "Requirement already satisfied: numpy in c:\\users\\sukes\\anaconda3\\lib\\site-packages (from hyperopt) (1.16.2)\n",
      "Requirement already satisfied: cloudpickle in c:\\users\\sukes\\anaconda3\\lib\\site-packages (from hyperopt) (0.8.0)\n",
      "Requirement already satisfied: scipy in c:\\users\\sukes\\anaconda3\\lib\\site-packages (from hyperopt) (1.2.1)\n",
      "Requirement already satisfied: decorator>=4.3.0 in c:\\users\\sukes\\anaconda3\\lib\\site-packages (from networkx==2.2->hyperopt) (4.4.0)\n"
     ]
    }
   ],
   "source": [
    "import sys\n",
    "\n",
    "!{sys.executable} -m pip install hyperopt"
   ]
  },
  {
   "cell_type": "code",
   "execution_count": 3,
   "metadata": {},
   "outputs": [],
   "source": [
    "valid_part = 0.3\n",
    "pd.set_option('max_columns',100)"
   ]
  },
  {
   "cell_type": "code",
   "execution_count": 4,
   "metadata": {},
   "outputs": [
    {
     "data": {
      "text/html": [
       "<div>\n",
       "<style scoped>\n",
       "    .dataframe tbody tr th:only-of-type {\n",
       "        vertical-align: middle;\n",
       "    }\n",
       "\n",
       "    .dataframe tbody tr th {\n",
       "        vertical-align: top;\n",
       "    }\n",
       "\n",
       "    .dataframe thead th {\n",
       "        text-align: right;\n",
       "    }\n",
       "</style>\n",
       "<table border=\"1\" class=\"dataframe\">\n",
       "  <thead>\n",
       "    <tr style=\"text-align: right;\">\n",
       "      <th></th>\n",
       "      <th>id</th>\n",
       "      <th>url</th>\n",
       "      <th>region</th>\n",
       "      <th>price</th>\n",
       "      <th>year</th>\n",
       "      <th>manufacturer</th>\n",
       "      <th>model</th>\n",
       "      <th>condition</th>\n",
       "      <th>cylinders</th>\n",
       "      <th>fuel</th>\n",
       "      <th>odometer</th>\n",
       "      <th>title_status</th>\n",
       "      <th>transmission</th>\n",
       "      <th>drive</th>\n",
       "      <th>type</th>\n",
       "      <th>paint_color</th>\n",
       "      <th>state</th>\n",
       "      <th>lat</th>\n",
       "      <th>long</th>\n",
       "    </tr>\n",
       "  </thead>\n",
       "  <tbody>\n",
       "    <tr>\n",
       "      <th>0</th>\n",
       "      <td>7034441763</td>\n",
       "      <td>https://saltlakecity.craigslist.org/cto/d/salt...</td>\n",
       "      <td>salt lake city</td>\n",
       "      <td>17899</td>\n",
       "      <td>2012.0</td>\n",
       "      <td>volkswagen</td>\n",
       "      <td>golf r</td>\n",
       "      <td>excellent</td>\n",
       "      <td>4</td>\n",
       "      <td>gas</td>\n",
       "      <td>63500.0</td>\n",
       "      <td>clean</td>\n",
       "      <td>manual</td>\n",
       "      <td>4</td>\n",
       "      <td>hatchback</td>\n",
       "      <td>black</td>\n",
       "      <td>ut</td>\n",
       "      <td>40.760779</td>\n",
       "      <td>-111.891047</td>\n",
       "    </tr>\n",
       "    <tr>\n",
       "      <th>1</th>\n",
       "      <td>7034440588</td>\n",
       "      <td>https://saltlakecity.craigslist.org/ctd/d/sand...</td>\n",
       "      <td>salt lake city</td>\n",
       "      <td>46463</td>\n",
       "      <td>2015.0</td>\n",
       "      <td>gmc</td>\n",
       "      <td>sierra 1500</td>\n",
       "      <td>excellent</td>\n",
       "      <td>6</td>\n",
       "      <td>gas</td>\n",
       "      <td>7554.0</td>\n",
       "      <td>clean</td>\n",
       "      <td>automatic</td>\n",
       "      <td>4</td>\n",
       "      <td>truck</td>\n",
       "      <td>white</td>\n",
       "      <td>ut</td>\n",
       "      <td>40.760779</td>\n",
       "      <td>-111.891047</td>\n",
       "    </tr>\n",
       "    <tr>\n",
       "      <th>2</th>\n",
       "      <td>7034406932</td>\n",
       "      <td>https://saltlakecity.craigslist.org/ctd/d/evan...</td>\n",
       "      <td>salt lake city</td>\n",
       "      <td>49999</td>\n",
       "      <td>2018.0</td>\n",
       "      <td>ford</td>\n",
       "      <td>f-450</td>\n",
       "      <td>like new</td>\n",
       "      <td>6</td>\n",
       "      <td>diesel</td>\n",
       "      <td>70150.0</td>\n",
       "      <td>clean</td>\n",
       "      <td>automatic</td>\n",
       "      <td>4</td>\n",
       "      <td>pickup</td>\n",
       "      <td>white</td>\n",
       "      <td>ut</td>\n",
       "      <td>40.760779</td>\n",
       "      <td>-111.891047</td>\n",
       "    </tr>\n",
       "    <tr>\n",
       "      <th>3</th>\n",
       "      <td>7034406582</td>\n",
       "      <td>https://saltlakecity.craigslist.org/ctd/d/evan...</td>\n",
       "      <td>salt lake city</td>\n",
       "      <td>13999</td>\n",
       "      <td>2009.0</td>\n",
       "      <td>ram</td>\n",
       "      <td>unknown</td>\n",
       "      <td>good</td>\n",
       "      <td>6</td>\n",
       "      <td>gas</td>\n",
       "      <td>120057.0</td>\n",
       "      <td>clean</td>\n",
       "      <td>automatic</td>\n",
       "      <td>4</td>\n",
       "      <td>pickup</td>\n",
       "      <td>silver</td>\n",
       "      <td>ut</td>\n",
       "      <td>40.760779</td>\n",
       "      <td>-111.891047</td>\n",
       "    </tr>\n",
       "    <tr>\n",
       "      <th>4</th>\n",
       "      <td>7034405619</td>\n",
       "      <td>https://saltlakecity.craigslist.org/ctd/d/evan...</td>\n",
       "      <td>salt lake city</td>\n",
       "      <td>34500</td>\n",
       "      <td>2017.0</td>\n",
       "      <td>ford</td>\n",
       "      <td>f-350</td>\n",
       "      <td>excellent</td>\n",
       "      <td>6</td>\n",
       "      <td>diesel</td>\n",
       "      <td>95484.0</td>\n",
       "      <td>clean</td>\n",
       "      <td>automatic</td>\n",
       "      <td>4</td>\n",
       "      <td>pickup</td>\n",
       "      <td>white</td>\n",
       "      <td>ut</td>\n",
       "      <td>40.760779</td>\n",
       "      <td>-111.891047</td>\n",
       "    </tr>\n",
       "  </tbody>\n",
       "</table>\n",
       "</div>"
      ],
      "text/plain": [
       "           id                                                url  \\\n",
       "0  7034441763  https://saltlakecity.craigslist.org/cto/d/salt...   \n",
       "1  7034440588  https://saltlakecity.craigslist.org/ctd/d/sand...   \n",
       "2  7034406932  https://saltlakecity.craigslist.org/ctd/d/evan...   \n",
       "3  7034406582  https://saltlakecity.craigslist.org/ctd/d/evan...   \n",
       "4  7034405619  https://saltlakecity.craigslist.org/ctd/d/evan...   \n",
       "\n",
       "           region  price    year manufacturer        model  condition  \\\n",
       "0  salt lake city  17899  2012.0   volkswagen       golf r  excellent   \n",
       "1  salt lake city  46463  2015.0          gmc  sierra 1500  excellent   \n",
       "2  salt lake city  49999  2018.0         ford        f-450   like new   \n",
       "3  salt lake city  13999  2009.0          ram      unknown       good   \n",
       "4  salt lake city  34500  2017.0         ford        f-350  excellent   \n",
       "\n",
       "   cylinders    fuel  odometer title_status transmission  drive       type  \\\n",
       "0          4     gas   63500.0        clean       manual      4  hatchback   \n",
       "1          6     gas    7554.0        clean    automatic      4      truck   \n",
       "2          6  diesel   70150.0        clean    automatic      4     pickup   \n",
       "3          6     gas  120057.0        clean    automatic      4     pickup   \n",
       "4          6  diesel   95484.0        clean    automatic      4     pickup   \n",
       "\n",
       "  paint_color state        lat        long  \n",
       "0       black    ut  40.760779 -111.891047  \n",
       "1       white    ut  40.760779 -111.891047  \n",
       "2       white    ut  40.760779 -111.891047  \n",
       "3      silver    ut  40.760779 -111.891047  \n",
       "4       white    ut  40.760779 -111.891047  "
      ]
     },
     "execution_count": 4,
     "metadata": {},
     "output_type": "execute_result"
    }
   ],
   "source": [
    "train0 = pd.read_csv(r'C:/Users/sukes/Desktop/updatedcleanedvehicles.csv')\n",
    "\n",
    "train0.head()"
   ]
  },
  {
   "cell_type": "code",
   "execution_count": 5,
   "metadata": {},
   "outputs": [],
   "source": [
    "#train0 = pd.read_csv(r'D:/Projects/DPA/Used-Cars-Analysis/data/vehicles_1.csv')\n",
    "\n",
    "#train0.head()"
   ]
  },
  {
   "cell_type": "code",
   "execution_count": 6,
   "metadata": {},
   "outputs": [
    {
     "name": "stdout",
     "output_type": "stream",
     "text": [
      "<class 'pandas.core.frame.DataFrame'>\n",
      "RangeIndex: 465998 entries, 0 to 465997\n",
      "Data columns (total 19 columns):\n",
      "id              465998 non-null int64\n",
      "url             465998 non-null object\n",
      "region          465998 non-null object\n",
      "price           465998 non-null int64\n",
      "year            465998 non-null float64\n",
      "manufacturer    465998 non-null object\n",
      "model           465998 non-null object\n",
      "condition       465998 non-null object\n",
      "cylinders       465998 non-null int64\n",
      "fuel            465998 non-null object\n",
      "odometer        465998 non-null float64\n",
      "title_status    465998 non-null object\n",
      "transmission    465998 non-null object\n",
      "drive           465998 non-null int64\n",
      "type            465998 non-null object\n",
      "paint_color     465998 non-null object\n",
      "state           465998 non-null object\n",
      "lat             465998 non-null float64\n",
      "long            465998 non-null float64\n",
      "dtypes: float64(4), int64(4), object(11)\n",
      "memory usage: 67.6+ MB\n"
     ]
    }
   ],
   "source": [
    "train0.info()"
   ]
  },
  {
   "cell_type": "code",
   "execution_count": 7,
   "metadata": {},
   "outputs": [],
   "source": [
    "drop_columns = ['id','url', 'region', 'model', 'title_status', 'state', 'lat','long']\n",
    "train0 = train0.drop(columns = drop_columns)"
   ]
  },
  {
   "cell_type": "code",
   "execution_count": 8,
   "metadata": {},
   "outputs": [
    {
     "data": {
      "text/html": [
       "<div>\n",
       "<style scoped>\n",
       "    .dataframe tbody tr th:only-of-type {\n",
       "        vertical-align: middle;\n",
       "    }\n",
       "\n",
       "    .dataframe tbody tr th {\n",
       "        vertical-align: top;\n",
       "    }\n",
       "\n",
       "    .dataframe thead th {\n",
       "        text-align: right;\n",
       "    }\n",
       "</style>\n",
       "<table border=\"1\" class=\"dataframe\">\n",
       "  <thead>\n",
       "    <tr style=\"text-align: right;\">\n",
       "      <th></th>\n",
       "      <th>null</th>\n",
       "      <th>percent</th>\n",
       "    </tr>\n",
       "  </thead>\n",
       "  <tbody>\n",
       "    <tr>\n",
       "      <th>price</th>\n",
       "      <td>0</td>\n",
       "      <td>0.0</td>\n",
       "    </tr>\n",
       "    <tr>\n",
       "      <th>year</th>\n",
       "      <td>0</td>\n",
       "      <td>0.0</td>\n",
       "    </tr>\n",
       "    <tr>\n",
       "      <th>manufacturer</th>\n",
       "      <td>0</td>\n",
       "      <td>0.0</td>\n",
       "    </tr>\n",
       "    <tr>\n",
       "      <th>condition</th>\n",
       "      <td>0</td>\n",
       "      <td>0.0</td>\n",
       "    </tr>\n",
       "    <tr>\n",
       "      <th>cylinders</th>\n",
       "      <td>0</td>\n",
       "      <td>0.0</td>\n",
       "    </tr>\n",
       "    <tr>\n",
       "      <th>fuel</th>\n",
       "      <td>0</td>\n",
       "      <td>0.0</td>\n",
       "    </tr>\n",
       "    <tr>\n",
       "      <th>odometer</th>\n",
       "      <td>0</td>\n",
       "      <td>0.0</td>\n",
       "    </tr>\n",
       "    <tr>\n",
       "      <th>transmission</th>\n",
       "      <td>0</td>\n",
       "      <td>0.0</td>\n",
       "    </tr>\n",
       "    <tr>\n",
       "      <th>drive</th>\n",
       "      <td>0</td>\n",
       "      <td>0.0</td>\n",
       "    </tr>\n",
       "    <tr>\n",
       "      <th>type</th>\n",
       "      <td>0</td>\n",
       "      <td>0.0</td>\n",
       "    </tr>\n",
       "    <tr>\n",
       "      <th>paint_color</th>\n",
       "      <td>0</td>\n",
       "      <td>0.0</td>\n",
       "    </tr>\n",
       "  </tbody>\n",
       "</table>\n",
       "</div>"
      ],
      "text/plain": [
       "              null  percent\n",
       "price            0      0.0\n",
       "year             0      0.0\n",
       "manufacturer     0      0.0\n",
       "condition        0      0.0\n",
       "cylinders        0      0.0\n",
       "fuel             0      0.0\n",
       "odometer         0      0.0\n",
       "transmission     0      0.0\n",
       "drive            0      0.0\n",
       "type             0      0.0\n",
       "paint_color      0      0.0"
      ]
     },
     "execution_count": 8,
     "metadata": {},
     "output_type": "execute_result"
    }
   ],
   "source": [
    "null_values=train0.isnull().sum()\n",
    "null_values=pd.DataFrame(null_values,columns=['null'])\n",
    "j=1\n",
    "sum_tot=len(train0)\n",
    "null_values['percent']=null_values['null']/sum_tot\n",
    "round(null_values*100,3).sort_values('percent',ascending=False)"
   ]
  },
  {
   "cell_type": "code",
   "execution_count": 9,
   "metadata": {},
   "outputs": [
    {
     "name": "stdout",
     "output_type": "stream",
     "text": [
      "<class 'pandas.core.frame.DataFrame'>\n",
      "RangeIndex: 465998 entries, 0 to 465997\n",
      "Data columns (total 11 columns):\n",
      "price           465998 non-null int64\n",
      "year            465998 non-null float64\n",
      "manufacturer    465998 non-null object\n",
      "condition       465998 non-null object\n",
      "cylinders       465998 non-null int64\n",
      "fuel            465998 non-null object\n",
      "odometer        465998 non-null float64\n",
      "transmission    465998 non-null object\n",
      "drive           465998 non-null int64\n",
      "type            465998 non-null object\n",
      "paint_color     465998 non-null object\n",
      "dtypes: float64(2), int64(3), object(6)\n",
      "memory usage: 39.1+ MB\n"
     ]
    }
   ],
   "source": [
    "train0.info()"
   ]
  },
  {
   "cell_type": "code",
   "execution_count": 10,
   "metadata": {},
   "outputs": [],
   "source": [
    "# Encoding the categorical features\n",
    "categorical_columns = train0.select_dtypes(exclude=['int8', 'int16', 'int32', 'int64', 'float16', 'float32', 'float64']).columns\n",
    "\n",
    "for col in categorical_columns:\n",
    "    if col in train0.columns:\n",
    "        le = LabelEncoder()\n",
    "        train0[[col]] = train0[[col]].apply(le.fit_transform)"
   ]
  },
  {
   "cell_type": "code",
   "execution_count": 11,
   "metadata": {},
   "outputs": [
    {
     "name": "stdout",
     "output_type": "stream",
     "text": [
      "<class 'pandas.core.frame.DataFrame'>\n",
      "RangeIndex: 465998 entries, 0 to 465997\n",
      "Data columns (total 11 columns):\n",
      "price           465998 non-null int64\n",
      "year            465998 non-null float64\n",
      "manufacturer    465998 non-null int32\n",
      "condition       465998 non-null int32\n",
      "cylinders       465998 non-null int64\n",
      "fuel            465998 non-null int32\n",
      "odometer        465998 non-null float64\n",
      "transmission    465998 non-null int32\n",
      "drive           465998 non-null int64\n",
      "type            465998 non-null int32\n",
      "paint_color     465998 non-null int32\n",
      "dtypes: float64(2), int32(6), int64(3)\n",
      "memory usage: 28.4 MB\n"
     ]
    }
   ],
   "source": [
    "train0.info()"
   ]
  },
  {
   "cell_type": "code",
   "execution_count": 12,
   "metadata": {},
   "outputs": [],
   "source": [
    "# Thanks to : https://www.kaggle.com/aantonova/some-new-risk-and-clusters-features\n",
    "def reduce_mem_usage(df, verbose=True):\n",
    "    numerics = ['int16', 'int32', 'int64', 'float16', 'float32', 'float64']\n",
    "    start_mem = df.memory_usage().sum() / 1024**2    \n",
    "    for col in df.columns:\n",
    "        col_type = df[col].dtypes\n",
    "        if col_type in numerics:\n",
    "            c_min = df[col].min()\n",
    "            c_max = df[col].max()\n",
    "            if str(col_type)[:3] == 'int':\n",
    "                if c_min > np.iinfo(np.int8).min and c_max < np.iinfo(np.int8).max:\n",
    "                    df[col] = df[col].astype(np.int8)\n",
    "                elif c_min > np.iinfo(np.int16).min and c_max < np.iinfo(np.int16).max:\n",
    "                    df[col] = df[col].astype(np.int16)\n",
    "                elif c_min > np.iinfo(np.int32).min and c_max < np.iinfo(np.int32).max:\n",
    "                    df[col] = df[col].astype(np.int32)\n",
    "                elif c_min > np.iinfo(np.int64).min and c_max < np.iinfo(np.int64).max:\n",
    "                    df[col] = df[col].astype(np.int64)  \n",
    "            else:\n",
    "                if c_min > np.finfo(np.float16).min and c_max < np.finfo(np.float16).max:\n",
    "                    df[col] = df[col].astype(np.float16)\n",
    "                elif c_min > np.finfo(np.float32).min and c_max < np.finfo(np.float32).max:\n",
    "                    df[col] = df[col].astype(np.float32)\n",
    "                else:\n",
    "                    df[col] = df[col].astype(np.float64)    \n",
    "    end_mem = df.memory_usage().sum() / 1024**2\n",
    "    if verbose: print('Mem. usage decreased to {:5.2f} Mb ({:.1f}% reduction)'.format(end_mem, 100 * (start_mem - end_mem) / start_mem))\n",
    "    return df"
   ]
  },
  {
   "cell_type": "code",
   "execution_count": 13,
   "metadata": {},
   "outputs": [
    {
     "name": "stdout",
     "output_type": "stream",
     "text": [
      "Mem. usage decreased to  9.78 Mb (65.6% reduction)\n"
     ]
    }
   ],
   "source": [
    "train0 = reduce_mem_usage(train0)"
   ]
  },
  {
   "cell_type": "code",
   "execution_count": 14,
   "metadata": {},
   "outputs": [
    {
     "data": {
      "text/html": [
       "<div>\n",
       "<style scoped>\n",
       "    .dataframe tbody tr th:only-of-type {\n",
       "        vertical-align: middle;\n",
       "    }\n",
       "\n",
       "    .dataframe tbody tr th {\n",
       "        vertical-align: top;\n",
       "    }\n",
       "\n",
       "    .dataframe thead th {\n",
       "        text-align: right;\n",
       "    }\n",
       "</style>\n",
       "<table border=\"1\" class=\"dataframe\">\n",
       "  <thead>\n",
       "    <tr style=\"text-align: right;\">\n",
       "      <th></th>\n",
       "      <th>price</th>\n",
       "      <th>year</th>\n",
       "      <th>manufacturer</th>\n",
       "      <th>condition</th>\n",
       "      <th>cylinders</th>\n",
       "      <th>fuel</th>\n",
       "      <th>odometer</th>\n",
       "      <th>transmission</th>\n",
       "      <th>drive</th>\n",
       "      <th>type</th>\n",
       "      <th>paint_color</th>\n",
       "    </tr>\n",
       "  </thead>\n",
       "  <tbody>\n",
       "    <tr>\n",
       "      <th>price</th>\n",
       "      <td>1.000000</td>\n",
       "      <td>-0.004102</td>\n",
       "      <td>0.003135</td>\n",
       "      <td>-0.002732</td>\n",
       "      <td>-0.000621</td>\n",
       "      <td>0.000329</td>\n",
       "      <td>-0.001053</td>\n",
       "      <td>0.003235</td>\n",
       "      <td>0.000276</td>\n",
       "      <td>-0.000207</td>\n",
       "      <td>-0.000024</td>\n",
       "    </tr>\n",
       "    <tr>\n",
       "      <th>year</th>\n",
       "      <td>-0.004102</td>\n",
       "      <td>1.000000</td>\n",
       "      <td>0.004431</td>\n",
       "      <td>-0.002662</td>\n",
       "      <td>-0.144102</td>\n",
       "      <td>0.038335</td>\n",
       "      <td>-0.226688</td>\n",
       "      <td>-0.101696</td>\n",
       "      <td>0.025720</td>\n",
       "      <td>-0.019095</td>\n",
       "      <td>-0.011465</td>\n",
       "    </tr>\n",
       "    <tr>\n",
       "      <th>manufacturer</th>\n",
       "      <td>0.003135</td>\n",
       "      <td>0.004431</td>\n",
       "      <td>1.000000</td>\n",
       "      <td>0.006940</td>\n",
       "      <td>-0.184735</td>\n",
       "      <td>-0.056092</td>\n",
       "      <td>0.006768</td>\n",
       "      <td>0.069180</td>\n",
       "      <td>0.012601</td>\n",
       "      <td>0.032957</td>\n",
       "      <td>0.004317</td>\n",
       "    </tr>\n",
       "    <tr>\n",
       "      <th>condition</th>\n",
       "      <td>-0.002732</td>\n",
       "      <td>-0.002662</td>\n",
       "      <td>0.006940</td>\n",
       "      <td>1.000000</td>\n",
       "      <td>-0.004740</td>\n",
       "      <td>0.013957</td>\n",
       "      <td>-0.016480</td>\n",
       "      <td>0.012869</td>\n",
       "      <td>0.116344</td>\n",
       "      <td>0.089462</td>\n",
       "      <td>0.098930</td>\n",
       "    </tr>\n",
       "    <tr>\n",
       "      <th>cylinders</th>\n",
       "      <td>-0.000621</td>\n",
       "      <td>-0.144102</td>\n",
       "      <td>-0.184735</td>\n",
       "      <td>-0.004740</td>\n",
       "      <td>1.000000</td>\n",
       "      <td>-0.093609</td>\n",
       "      <td>0.064717</td>\n",
       "      <td>-0.025315</td>\n",
       "      <td>0.216314</td>\n",
       "      <td>0.066822</td>\n",
       "      <td>0.033229</td>\n",
       "    </tr>\n",
       "    <tr>\n",
       "      <th>fuel</th>\n",
       "      <td>0.000329</td>\n",
       "      <td>0.038335</td>\n",
       "      <td>-0.056092</td>\n",
       "      <td>0.013957</td>\n",
       "      <td>-0.093609</td>\n",
       "      <td>1.000000</td>\n",
       "      <td>-0.089631</td>\n",
       "      <td>0.021274</td>\n",
       "      <td>-0.103656</td>\n",
       "      <td>-0.126553</td>\n",
       "      <td>-0.050877</td>\n",
       "    </tr>\n",
       "    <tr>\n",
       "      <th>odometer</th>\n",
       "      <td>-0.001053</td>\n",
       "      <td>-0.226688</td>\n",
       "      <td>0.006768</td>\n",
       "      <td>-0.016480</td>\n",
       "      <td>0.064717</td>\n",
       "      <td>-0.089631</td>\n",
       "      <td>1.000000</td>\n",
       "      <td>-0.023467</td>\n",
       "      <td>0.032304</td>\n",
       "      <td>0.028247</td>\n",
       "      <td>0.017576</td>\n",
       "    </tr>\n",
       "    <tr>\n",
       "      <th>transmission</th>\n",
       "      <td>0.003235</td>\n",
       "      <td>-0.101696</td>\n",
       "      <td>0.069180</td>\n",
       "      <td>0.012869</td>\n",
       "      <td>-0.025315</td>\n",
       "      <td>0.021274</td>\n",
       "      <td>-0.023467</td>\n",
       "      <td>1.000000</td>\n",
       "      <td>-0.024569</td>\n",
       "      <td>-0.006183</td>\n",
       "      <td>-0.016783</td>\n",
       "    </tr>\n",
       "    <tr>\n",
       "      <th>drive</th>\n",
       "      <td>0.000276</td>\n",
       "      <td>0.025720</td>\n",
       "      <td>0.012601</td>\n",
       "      <td>0.116344</td>\n",
       "      <td>0.216314</td>\n",
       "      <td>-0.103656</td>\n",
       "      <td>0.032304</td>\n",
       "      <td>-0.024569</td>\n",
       "      <td>1.000000</td>\n",
       "      <td>-0.016955</td>\n",
       "      <td>0.089336</td>\n",
       "    </tr>\n",
       "    <tr>\n",
       "      <th>type</th>\n",
       "      <td>-0.000207</td>\n",
       "      <td>-0.019095</td>\n",
       "      <td>0.032957</td>\n",
       "      <td>0.089462</td>\n",
       "      <td>0.066822</td>\n",
       "      <td>-0.126553</td>\n",
       "      <td>0.028247</td>\n",
       "      <td>-0.006183</td>\n",
       "      <td>-0.016955</td>\n",
       "      <td>1.000000</td>\n",
       "      <td>0.141106</td>\n",
       "    </tr>\n",
       "    <tr>\n",
       "      <th>paint_color</th>\n",
       "      <td>-0.000024</td>\n",
       "      <td>-0.011465</td>\n",
       "      <td>0.004317</td>\n",
       "      <td>0.098930</td>\n",
       "      <td>0.033229</td>\n",
       "      <td>-0.050877</td>\n",
       "      <td>0.017576</td>\n",
       "      <td>-0.016783</td>\n",
       "      <td>0.089336</td>\n",
       "      <td>0.141106</td>\n",
       "      <td>1.000000</td>\n",
       "    </tr>\n",
       "  </tbody>\n",
       "</table>\n",
       "</div>"
      ],
      "text/plain": [
       "                 price      year  manufacturer  condition  cylinders  \\\n",
       "price         1.000000 -0.004102      0.003135  -0.002732  -0.000621   \n",
       "year         -0.004102  1.000000      0.004431  -0.002662  -0.144102   \n",
       "manufacturer  0.003135  0.004431      1.000000   0.006940  -0.184735   \n",
       "condition    -0.002732 -0.002662      0.006940   1.000000  -0.004740   \n",
       "cylinders    -0.000621 -0.144102     -0.184735  -0.004740   1.000000   \n",
       "fuel          0.000329  0.038335     -0.056092   0.013957  -0.093609   \n",
       "odometer     -0.001053 -0.226688      0.006768  -0.016480   0.064717   \n",
       "transmission  0.003235 -0.101696      0.069180   0.012869  -0.025315   \n",
       "drive         0.000276  0.025720      0.012601   0.116344   0.216314   \n",
       "type         -0.000207 -0.019095      0.032957   0.089462   0.066822   \n",
       "paint_color  -0.000024 -0.011465      0.004317   0.098930   0.033229   \n",
       "\n",
       "                  fuel  odometer  transmission     drive      type  \\\n",
       "price         0.000329 -0.001053      0.003235  0.000276 -0.000207   \n",
       "year          0.038335 -0.226688     -0.101696  0.025720 -0.019095   \n",
       "manufacturer -0.056092  0.006768      0.069180  0.012601  0.032957   \n",
       "condition     0.013957 -0.016480      0.012869  0.116344  0.089462   \n",
       "cylinders    -0.093609  0.064717     -0.025315  0.216314  0.066822   \n",
       "fuel          1.000000 -0.089631      0.021274 -0.103656 -0.126553   \n",
       "odometer     -0.089631  1.000000     -0.023467  0.032304  0.028247   \n",
       "transmission  0.021274 -0.023467      1.000000 -0.024569 -0.006183   \n",
       "drive        -0.103656  0.032304     -0.024569  1.000000 -0.016955   \n",
       "type         -0.126553  0.028247     -0.006183 -0.016955  1.000000   \n",
       "paint_color  -0.050877  0.017576     -0.016783  0.089336  0.141106   \n",
       "\n",
       "              paint_color  \n",
       "price           -0.000024  \n",
       "year            -0.011465  \n",
       "manufacturer     0.004317  \n",
       "condition        0.098930  \n",
       "cylinders        0.033229  \n",
       "fuel            -0.050877  \n",
       "odometer         0.017576  \n",
       "transmission    -0.016783  \n",
       "drive            0.089336  \n",
       "type             0.141106  \n",
       "paint_color      1.000000  "
      ]
     },
     "execution_count": 14,
     "metadata": {},
     "output_type": "execute_result"
    }
   ],
   "source": [
    "train0.corr()"
   ]
  },
  {
   "cell_type": "code",
   "execution_count": 15,
   "metadata": {},
   "outputs": [],
   "source": [
    "train0 = train0[train0['price'] > 1000]\n",
    "train0 = train0[train0['price'] < 40000]\n",
    "# Rounded ['odometer'] to 5000\n",
    "train0['odometer'] = train0['odometer'] // 5000\n",
    "train0 = train0[train0['year'] > 110]"
   ]
  },
  {
   "cell_type": "code",
   "execution_count": 16,
   "metadata": {},
   "outputs": [
    {
     "data": {
      "text/html": [
       "<div>\n",
       "<style scoped>\n",
       "    .dataframe tbody tr th:only-of-type {\n",
       "        vertical-align: middle;\n",
       "    }\n",
       "\n",
       "    .dataframe tbody tr th {\n",
       "        vertical-align: top;\n",
       "    }\n",
       "\n",
       "    .dataframe thead th {\n",
       "        text-align: right;\n",
       "    }\n",
       "</style>\n",
       "<table border=\"1\" class=\"dataframe\">\n",
       "  <thead>\n",
       "    <tr style=\"text-align: right;\">\n",
       "      <th></th>\n",
       "      <th>price</th>\n",
       "      <th>year</th>\n",
       "      <th>manufacturer</th>\n",
       "      <th>condition</th>\n",
       "      <th>cylinders</th>\n",
       "      <th>fuel</th>\n",
       "      <th>odometer</th>\n",
       "      <th>transmission</th>\n",
       "      <th>drive</th>\n",
       "      <th>type</th>\n",
       "      <th>paint_color</th>\n",
       "    </tr>\n",
       "  </thead>\n",
       "  <tbody>\n",
       "    <tr>\n",
       "      <th>price</th>\n",
       "      <td>1.000000</td>\n",
       "      <td>0.393089</td>\n",
       "      <td>-0.002702</td>\n",
       "      <td>0.020415</td>\n",
       "      <td>0.202611</td>\n",
       "      <td>-0.158198</td>\n",
       "      <td>-0.299783</td>\n",
       "      <td>0.036573</td>\n",
       "      <td>0.209137</td>\n",
       "      <td>0.002573</td>\n",
       "      <td>0.002435</td>\n",
       "    </tr>\n",
       "    <tr>\n",
       "      <th>year</th>\n",
       "      <td>0.393089</td>\n",
       "      <td>1.000000</td>\n",
       "      <td>0.004814</td>\n",
       "      <td>-0.002636</td>\n",
       "      <td>-0.164182</td>\n",
       "      <td>0.066908</td>\n",
       "      <td>-0.223347</td>\n",
       "      <td>-0.096373</td>\n",
       "      <td>0.008016</td>\n",
       "      <td>-0.023284</td>\n",
       "      <td>-0.013841</td>\n",
       "    </tr>\n",
       "    <tr>\n",
       "      <th>manufacturer</th>\n",
       "      <td>-0.002702</td>\n",
       "      <td>0.004814</td>\n",
       "      <td>1.000000</td>\n",
       "      <td>0.006236</td>\n",
       "      <td>-0.189481</td>\n",
       "      <td>-0.059088</td>\n",
       "      <td>0.004572</td>\n",
       "      <td>0.067532</td>\n",
       "      <td>0.008611</td>\n",
       "      <td>0.032962</td>\n",
       "      <td>-0.000391</td>\n",
       "    </tr>\n",
       "    <tr>\n",
       "      <th>condition</th>\n",
       "      <td>0.020415</td>\n",
       "      <td>-0.002636</td>\n",
       "      <td>0.006236</td>\n",
       "      <td>1.000000</td>\n",
       "      <td>-0.001328</td>\n",
       "      <td>0.018628</td>\n",
       "      <td>-0.014688</td>\n",
       "      <td>0.019728</td>\n",
       "      <td>0.113429</td>\n",
       "      <td>0.086074</td>\n",
       "      <td>0.098495</td>\n",
       "    </tr>\n",
       "    <tr>\n",
       "      <th>cylinders</th>\n",
       "      <td>0.202611</td>\n",
       "      <td>-0.164182</td>\n",
       "      <td>-0.189481</td>\n",
       "      <td>-0.001328</td>\n",
       "      <td>1.000000</td>\n",
       "      <td>-0.085489</td>\n",
       "      <td>0.084753</td>\n",
       "      <td>-0.042226</td>\n",
       "      <td>0.215457</td>\n",
       "      <td>0.072432</td>\n",
       "      <td>0.040093</td>\n",
       "    </tr>\n",
       "    <tr>\n",
       "      <th>fuel</th>\n",
       "      <td>-0.158198</td>\n",
       "      <td>0.066908</td>\n",
       "      <td>-0.059088</td>\n",
       "      <td>0.018628</td>\n",
       "      <td>-0.085489</td>\n",
       "      <td>1.000000</td>\n",
       "      <td>-0.110542</td>\n",
       "      <td>0.009946</td>\n",
       "      <td>-0.092934</td>\n",
       "      <td>-0.119570</td>\n",
       "      <td>-0.053050</td>\n",
       "    </tr>\n",
       "    <tr>\n",
       "      <th>odometer</th>\n",
       "      <td>-0.299783</td>\n",
       "      <td>-0.223347</td>\n",
       "      <td>0.004572</td>\n",
       "      <td>-0.014688</td>\n",
       "      <td>0.084753</td>\n",
       "      <td>-0.110542</td>\n",
       "      <td>1.000000</td>\n",
       "      <td>-0.029226</td>\n",
       "      <td>0.048776</td>\n",
       "      <td>0.029167</td>\n",
       "      <td>0.019834</td>\n",
       "    </tr>\n",
       "    <tr>\n",
       "      <th>transmission</th>\n",
       "      <td>0.036573</td>\n",
       "      <td>-0.096373</td>\n",
       "      <td>0.067532</td>\n",
       "      <td>0.019728</td>\n",
       "      <td>-0.042226</td>\n",
       "      <td>0.009946</td>\n",
       "      <td>-0.029226</td>\n",
       "      <td>1.000000</td>\n",
       "      <td>-0.028208</td>\n",
       "      <td>-0.002807</td>\n",
       "      <td>-0.016298</td>\n",
       "    </tr>\n",
       "    <tr>\n",
       "      <th>drive</th>\n",
       "      <td>0.209137</td>\n",
       "      <td>0.008016</td>\n",
       "      <td>0.008611</td>\n",
       "      <td>0.113429</td>\n",
       "      <td>0.215457</td>\n",
       "      <td>-0.092934</td>\n",
       "      <td>0.048776</td>\n",
       "      <td>-0.028208</td>\n",
       "      <td>1.000000</td>\n",
       "      <td>-0.024251</td>\n",
       "      <td>0.086505</td>\n",
       "    </tr>\n",
       "    <tr>\n",
       "      <th>type</th>\n",
       "      <td>0.002573</td>\n",
       "      <td>-0.023284</td>\n",
       "      <td>0.032962</td>\n",
       "      <td>0.086074</td>\n",
       "      <td>0.072432</td>\n",
       "      <td>-0.119570</td>\n",
       "      <td>0.029167</td>\n",
       "      <td>-0.002807</td>\n",
       "      <td>-0.024251</td>\n",
       "      <td>1.000000</td>\n",
       "      <td>0.140529</td>\n",
       "    </tr>\n",
       "    <tr>\n",
       "      <th>paint_color</th>\n",
       "      <td>0.002435</td>\n",
       "      <td>-0.013841</td>\n",
       "      <td>-0.000391</td>\n",
       "      <td>0.098495</td>\n",
       "      <td>0.040093</td>\n",
       "      <td>-0.053050</td>\n",
       "      <td>0.019834</td>\n",
       "      <td>-0.016298</td>\n",
       "      <td>0.086505</td>\n",
       "      <td>0.140529</td>\n",
       "      <td>1.000000</td>\n",
       "    </tr>\n",
       "  </tbody>\n",
       "</table>\n",
       "</div>"
      ],
      "text/plain": [
       "                 price      year  manufacturer  condition  cylinders  \\\n",
       "price         1.000000  0.393089     -0.002702   0.020415   0.202611   \n",
       "year          0.393089  1.000000      0.004814  -0.002636  -0.164182   \n",
       "manufacturer -0.002702  0.004814      1.000000   0.006236  -0.189481   \n",
       "condition     0.020415 -0.002636      0.006236   1.000000  -0.001328   \n",
       "cylinders     0.202611 -0.164182     -0.189481  -0.001328   1.000000   \n",
       "fuel         -0.158198  0.066908     -0.059088   0.018628  -0.085489   \n",
       "odometer     -0.299783 -0.223347      0.004572  -0.014688   0.084753   \n",
       "transmission  0.036573 -0.096373      0.067532   0.019728  -0.042226   \n",
       "drive         0.209137  0.008016      0.008611   0.113429   0.215457   \n",
       "type          0.002573 -0.023284      0.032962   0.086074   0.072432   \n",
       "paint_color   0.002435 -0.013841     -0.000391   0.098495   0.040093   \n",
       "\n",
       "                  fuel  odometer  transmission     drive      type  \\\n",
       "price        -0.158198 -0.299783      0.036573  0.209137  0.002573   \n",
       "year          0.066908 -0.223347     -0.096373  0.008016 -0.023284   \n",
       "manufacturer -0.059088  0.004572      0.067532  0.008611  0.032962   \n",
       "condition     0.018628 -0.014688      0.019728  0.113429  0.086074   \n",
       "cylinders    -0.085489  0.084753     -0.042226  0.215457  0.072432   \n",
       "fuel          1.000000 -0.110542      0.009946 -0.092934 -0.119570   \n",
       "odometer     -0.110542  1.000000     -0.029226  0.048776  0.029167   \n",
       "transmission  0.009946 -0.029226      1.000000 -0.028208 -0.002807   \n",
       "drive        -0.092934  0.048776     -0.028208  1.000000 -0.024251   \n",
       "type         -0.119570  0.029167     -0.002807 -0.024251  1.000000   \n",
       "paint_color  -0.053050  0.019834     -0.016298  0.086505  0.140529   \n",
       "\n",
       "              paint_color  \n",
       "price            0.002435  \n",
       "year            -0.013841  \n",
       "manufacturer    -0.000391  \n",
       "condition        0.098495  \n",
       "cylinders        0.040093  \n",
       "fuel            -0.053050  \n",
       "odometer         0.019834  \n",
       "transmission    -0.016298  \n",
       "drive            0.086505  \n",
       "type             0.140529  \n",
       "paint_color      1.000000  "
      ]
     },
     "execution_count": 16,
     "metadata": {},
     "output_type": "execute_result"
    }
   ],
   "source": [
    "train0.corr()"
   ]
  },
  {
   "cell_type": "markdown",
   "metadata": {},
   "source": [
    "### Preparaing to the Modelling"
   ]
  },
  {
   "cell_type": "code",
   "execution_count": 120,
   "metadata": {},
   "outputs": [],
   "source": [
    "y = train0['price']\n",
    "X = train0.drop('price',axis=1)\n",
    "\n",
    "y = sample['price']\n",
    "X = sample.drop('price',axis=1)"
   ]
  },
  {
   "cell_type": "code",
   "execution_count": 121,
   "metadata": {},
   "outputs": [
    {
     "name": "stdout",
     "output_type": "stream",
     "text": [
      "(340887, 10) (340887,)\n",
      "(85222, 10) (85222,)\n"
     ]
    }
   ],
   "source": [
